7 96
0 0 0 0 0 0 0 0 0 0 0 0 0 0 0 0 0 0 0 0 0 0 0 0 0 0 0 0 0 0 0 0 0 0 0 0 0 0 0 0 0 0 0 0 0 0 0 0 0 0 0 0 0 0 0 0 0 0 0 0 0 0 0 0 0 0 0 0 0 0 0 0 0 0 0 0 0 0 0 0 0 0 0 0 0 0 0 0 0 0 0 0 0 0 0 0
1 1 1 1 1 1 1 1 2 3 1 1 1 1 1 2 3 1 1 1 1 4 1 1 1 1 1 1 1 2 3 1 1 1 1 1 1 4 1 1 1 1 2 3 1 1 1 1 1 2 3 1 1 1 1 1 1 1 1 1 1 1 1 1 2 3 1 1 1 4 1 1 1 1 1 1 1 1 1 1 1 1 1 1 1 1 1 2 3 1 1 1 1 4 1 5
6 6 6 6 7 6 6 6 8 9 6 7 6 6 6 8 9 6 10 11 11 12 13 6 6 6 6 7 6 8 9 6 6 6 14 11 13 15 10 11 13 6 8 9 6 6 7 6 6 8 16 11 11 11 13 6 17 18 6 14 13 6 6 6 8 9 6 6 6 15 6 6 6 6 6 17 18 6 6 6 6 6 19 18 6 6 6 8 9 6 6 6 6 15 6 20
6 17 18 6 15 6 6 6 6 6 6 15 6 10 11 11 11 11 21 22 22 22 23 6 17 18 6 15 6 24 6 7 6 25 26 22 23 6 27 22 28 29 11 11 11 11 12 11 11 11 21 22 22 22 23 6 8 9 25 26 23 6 6 6 6 6 6 10 11 13 6 17 18 6 6 8 9 6 6 7 6 6 8 9 6 10 11 11 11 13 6 17 18 6 6 20
6 8 9 6 6 6 17 18 10 11 11 11 11 21 22 22 22 22 30 30 30 30 31 6 8 9 6 24 6 32 6 15 6 6 33 30 34 6 35 30 36 37 22 22 22 22 38 37 22 22 30 30 30 30 39 40 41 40 40 33 31 40 24 41 10 11 11 21 22 23 6 8 9 10 13 6 6 6 10 12 13 6 6 10 11 21 22 22 22 23 6 8 9 6 6 42
11 11 11 11 11 11 43 44 21 22 22 22 22 30 30 30 30 30 30 30 30 30 31 41 40 24 40 32 40 45 29 11 11 11 46 30 36 11 47 30 48 49 30 36 47 30 48 49 30 36 50 50 47 51 52 53 54 55 53 33 31 53 32 54 27 22 22 30 30 31 29 11 11 21 28 29 11 11 21 22 28 29 11 21 22 30 30 30 30 31 41 40 10 11 11 56
22 22 22 22 22 22 22 22 30 30 30 30 30 30 30 30 30 30 30 30 30 30 31 54 53 32 53 57 53 20 22 22 22 22 30 30 48 49 49 30 30 30 30 48 49 30 30 30 30 48 49 49 49 31 58 58 58 32 58 59 31 58 57 58 20 30 30 30 30 30 22 22 22 30 30 22 22 22 30 30 30 22 22 30 30 30 30 30 30 31 54 53 27 22 22 60
102
0 8 40 248 8 0 
0 256 72 160 8 0 
0 416 104 160 8 0 
0 576 136 160 8 0 
0 800 40 32 8 0 
0 864 72 32 8 0 
0 928 104 32 8 0 
0 1096 136 88 8 0 
0 960 40 128 8 0
0 1056 104 32 8 0
0 1152 40 96 8 0
0 1216 136 96 8 0
0 1280 72 64 8 0
0 1376 40 64 8 0  
0 1312 104 288 8 0
0 1472 72 64 8 0 
0 1600 136 160 8 0
0 1568 40 128 8 0
0 1824 40 32 8 0
0 1856 104 32 8 0
0 1896 136 56 8 0
0 1984 72 32 8 0
0 2048 72 96 8 0
0 2144 104 96 8 0
0 2240 40 96 8 0
0 2336 72 64 8 0
0 2400 40 96 8 0
0 2496 72 96 8 0
0 2592 40 64 8 0
0 2656 72 64 8 0
0 2720 104 160 8 0
0 2944 40 112 8 0
1 288 104 32 32 1
1 384 104 32 32 1
1 864 104 32 32 1
1 1152 72 32 32 1
1 1216 72 32 32 1
1 1888 168 32 32 1
1 2960 72 32 32 1
2 2728 120 24 16 0
3 1056 72 32 32 1
3 1152 168 32 32 1
4 904 192 24 24 1
4 1416 176 24 24 1
4 1440 192 16 24 0
4 2392 176 24 24 1
4 2672 176 16 24 1
4 2984 176 24 24 1 
6 1576 136 16 32 1
6 1608 168 24 32 0
6 1656 168 16 32 1
7 512 128 24 24 1 
7 640 160 24 24 1
7 1472 96 24 24 1
7 2080 96 24 24 1
7 2272 64 24 24 1
7 2464 64 24 24 1
7 2672 96 24 24 1
9 344 120 16 16 0
9 1496 152 16 16 0
9 2184 152 16 16 0
10 440 152 16 16 0
10 1144 88 16 16 0
10 2360 120 16 16 0
10 2824 152 16 16 0
11 696 168 16 16 0
11 1816 88 16 16 0
11 2488 120 16 16 0
12 1384 152 16 16 0
12 2072 136 16 16 0
16 1000 152 16 16 0
16 2616 136 16 16 0
17 1672 200 16 16 0
18 728 128 8 136 0
18 800 32 8 32 0
18 824 32 8 32 0
18 864 64 8 64 0
18 888 64 8 64 0
18 928 96 8 96 0
18 952 96 8 64 0
18 1176 136 8 56 1
18 1216 136 8 56 1
18 1304 128 8 32 0
18 1600 128 8 24 0
18 1824 32 8 32 0
18 1848 32 8 32 0
18 1944 128 8 128 0
18 1984 64 8 64 0
18 2008 64 8 64 0
18 2048 64 8 64 0
18 2144 96 8 24 0
18 2232 96 8 64 0
18 2336 64 8 32 0
18 2392 64 8 32 0 
18 2496 64 8 32 0
18 2584 64 8 32 0
18 2656 64 8 32 0
18 2720 96 8 24 0
18 2872 96 8 96 0
18 2944 32 8 32 0
19 1888 136 8 120 0
19 1088 136 8 88 0