7 64
0 1 0 1 0 1 0 1 0 1 0 1 0 1 0 1 0 1 0 1 0 1 0 1 0 1 0 1 0 1 0 1 0 1 0 1 0 1 0 1 0 1 0 1 0 1 0 1 0 1 0 1 0 1 0 1 0 1 0 1 0 1 0 1
2 3 4 5 6 7 4 8 9 10 4 8 9 10 4 8 9 10 4 8 9 10 11 12 13 10 4 8 9 10 11 8 9 3 4 8 9 10 4 8 9 10 4 8 9 10 4 8 9 10 4 8 9 10 4 8 9 10 4 8 9 10 4 8
14 15 16 17 18 19 20 21 22 23 24 25 26 27 28 29 30 31 28 29 30 31 32 33 34 35 36 21 37 38 32 39 40 41 16 42 30 35 36 21 30 35 36 21 30 31 43 44 30 31 45 46 47 48 45 49 50 27 20 51 30 31 28 29
52 53 54 55 56 57 58 59 60 61 62 63 64 65 66 67 68 69 70 71 72 73 74 55 75 73 76 77 78 79 74 80 81 82 54 83 84 73 85 67 86 87 88 89 68 90 91 92 93 94 95 96 97 98 99 100 64 65 66 101 102 103 104 71
105 106 107 108 109 110 111 112 113 114 113 115 113 115 113 116 117 118 119 120 121 122 111 108 117 123 124 125 126 127 111 128 107 108 107 110 111 110 129 130 124 125 131 130 132 133 124 127 111 112 113 114 134 114 134 114 113 115 113 110 135 136 121 120
137 138 139 138 139 138 139 138 139 138 139 138 139 138 139 138 140 141 142 141 142 141 142 141 142 143 144 145 146 147 148 141 149 150 148 151 139 138 152 138 153 154 155 156 157 143 144 147 148 141 158 141 158 141 158 141 159 138 139 138 139 138 139 138
160 161 162 161 162 161 162 161 162 161 162 161 162 161 162 161 163 164 165 164 165 164 165 164 165 166 167 168 169 170 171 164 167 166 171 172 162 161 162 161 162 161 162 173 165 166 167 170 171 164 174 164 174 164 174 164 175 161 162 161 162 161 162 161
52
0 0 176 16 136 0
0 16 40 528 40 0
0 576 40 32 8 0
0 640 40 32 8 0
0 704 40 32 8 0
0 768 40 32 8 0
0 800 72 32 8 0
0 832 104 128 8 0
0 1024 40 64 8 0
0 1120 40 288 40 0
0 1216 104 32 8 0
0 1280 104 96 8 0
0 1408 72 32 8 0
0 1440 104 32 8 0
0 1472 136 64 8 0
0 1600 40 16 8 0
0 1664 40 16 8 0
0 1728 40 16 8 0
0 1792 40 240 40 0
1 240 72 32 32 1
1 288 72 32 32 1
1 336 72 32 32 1
1 432 72 32 32 1
1 1280 136 32 32 1
1 1440 136 32 32 1
1 1472 168 32 32 1
1 1872 72 32 32 1
1 1952 72 32 32 1
2 224 56 24 16 0
2 936 120 24 16 0
2 896 120 24 16 1
2 1272 56 24 16 1
3 800 104 32 32 1
3 1200 136 32 32 1
4 552 160 16 32 1
4 712 160 16 32 1
4 1720 160 24 32 1
4 1864 160 24 32 1
4 1048 144 24 32 0
4 1560 144 24 32 0
5 1368 73 16 32 1
6 328 88 16 16 1 
6 424 88 16 16 1  
7 568 88 16 16 1  
10 632 104 16 16 1 
12 760 120 16 16 1 
9 888 152 16 16 1 
7 1144 88 16 16 1  
14 1176 152 16 16 1  
7 1320 152 16 16 1  
11 1656 88 16 16 1  
8 1848 88 16 16 1 
